{
  "nbformat": 4,
  "nbformat_minor": 0,
  "metadata": {
    "colab": {
      "provenance": []
    },
    "kernelspec": {
      "name": "python3",
      "display_name": "Python 3"
    },
    "language_info": {
      "name": "python"
    }
  },
  "cells": [
    {
      "cell_type": "code",
      "execution_count": 2,
      "metadata": {
        "colab": {
          "base_uri": "https://localhost:8080/"
        },
        "id": "3tAEEe_PbTck",
        "outputId": "ccf227ec-0c85-4a04-de56-726249974f11"
      },
      "outputs": [
        {
          "output_type": "stream",
          "name": "stdout",
          "text": [
            "(1453, 15)\n"
          ]
        }
      ],
      "source": [
        "import pandas as pd\n",
        "data=pd.read_csv('/content/drive/MyDrive/Mcdonalds_dataset.csv')\n",
        "print(data.shape)\n",
        "data['Like']= data['Like'].replace({'I hate it!-5': '-5','I love it!+5':'+5'})"
      ]
    },
    {
      "cell_type": "code",
      "source": [
        "print(data.head())\n",
        "data.columns"
      ],
      "metadata": {
        "colab": {
          "base_uri": "https://localhost:8080/"
        },
        "id": "8qUSdj8ZcKBu",
        "outputId": "36ee9d5a-58a9-45d9-b975-59c9fe6a50b3"
      },
      "execution_count": 3,
      "outputs": [
        {
          "output_type": "stream",
          "name": "stdout",
          "text": [
            "  yummy convenient spicy fattening  ... Like Age      VisitFrequency  Gender\n",
            "0    No        Yes    No       Yes  ...   -3  61  Every three months  Female\n",
            "1   Yes        Yes    No       Yes  ...   +2  51  Every three months  Female\n",
            "2    No        Yes   Yes       Yes  ...   +1  62  Every three months  Female\n",
            "3   Yes        Yes    No       Yes  ...   +4  69         Once a week  Female\n",
            "4    No        Yes    No       Yes  ...   +2  49        Once a month    Male\n",
            "\n",
            "[5 rows x 15 columns]\n"
          ]
        },
        {
          "output_type": "execute_result",
          "data": {
            "text/plain": [
              "Index(['yummy', 'convenient', 'spicy', 'fattening', 'greasy', 'fast', 'cheap',\n",
              "       'tasty', 'expensive', 'healthy', 'disgusting', 'Like', 'Age',\n",
              "       'VisitFrequency', 'Gender'],\n",
              "      dtype='object')"
            ]
          },
          "metadata": {},
          "execution_count": 3
        }
      ]
    },
    {
      "cell_type": "markdown",
      "source": [
        "#Exploring the Data\n"
      ],
      "metadata": {
        "id": "Ewh_UrnArT5b"
      }
    },
    {
      "cell_type": "code",
      "source": [
        "import numpy as np\n",
        "segment_variables=data.iloc[:,:11]\n",
        "segment_variables.replace(('Yes', 'No'), (1, 0), inplace=True)\n",
        "col11=segment_variables\n",
        "segment_variables=np.array(segment_variables)\n",
        "\n",
        "print(segment_variables)\n",
        "column_means=np.mean(segment_variables,axis=0)\n",
        "column_means"
      ],
      "metadata": {
        "colab": {
          "base_uri": "https://localhost:8080/"
        },
        "id": "rKVUQjlbczLR",
        "outputId": "c7f44f1a-cef3-4f41-9141-449ef24aa744"
      },
      "execution_count": 4,
      "outputs": [
        {
          "output_type": "stream",
          "name": "stdout",
          "text": [
            "[[0 1 0 ... 1 0 0]\n",
            " [1 1 0 ... 1 0 0]\n",
            " [0 1 1 ... 1 1 0]\n",
            " ...\n",
            " [1 1 0 ... 1 0 0]\n",
            " [1 1 0 ... 0 1 0]\n",
            " [0 1 0 ... 1 0 1]]\n"
          ]
        },
        {
          "output_type": "execute_result",
          "data": {
            "text/plain": [
              "array([0.55264969, 0.90777701, 0.09359945, 0.86717137, 0.5264969 ,\n",
              "       0.90020647, 0.59876118, 0.64418445, 0.35788025, 0.19889883,\n",
              "       0.24294563])"
            ]
          },
          "metadata": {},
          "execution_count": 4
        }
      ]
    },
    {
      "cell_type": "code",
      "source": [
        "from sklearn.decomposition import PCA\n",
        "pca = PCA(n_components=11)\n",
        "x = pca.fit_transform(X=segment_variables)\n",
        "names=['pc1','pc2','pc3','pc4','pc5','pc6','pc7','pc8','pc9','pc10','pc11']\n",
        "df = pd.DataFrame(data=x,columns=names)\n",
        "df\n"
      ],
      "metadata": {
        "colab": {
          "base_uri": "https://localhost:8080/",
          "height": 423
        },
        "id": "xxrdmkM3rvsW",
        "outputId": "ea1b0e54-36f2-42bf-9299-3c350600a074"
      },
      "execution_count": 5,
      "outputs": [
        {
          "output_type": "execute_result",
          "data": {
            "text/plain": [
              "           pc1       pc2       pc3  ...       pc9      pc10      pc11\n",
              "0     0.425367 -0.219079  0.663255  ...  0.181007  0.515706 -0.567074\n",
              "1    -0.218638  0.388190 -0.730827  ...  0.111476  0.493313 -0.500440\n",
              "2     0.375415  0.730435 -0.122040  ... -0.322288  0.061759  0.242741\n",
              "3    -0.172926 -0.352752 -0.843795  ... -0.028003 -0.250678 -0.051034\n",
              "4     0.187057 -0.807610  0.028537  ... -0.074409  0.031897  0.082245\n",
              "...        ...       ...       ...  ...       ...       ...       ...\n",
              "1448  1.550242  0.275031 -0.013737  ... -0.136589 -0.432798 -0.456076\n",
              "1449 -0.957339  0.014308  0.303843  ... -0.304441 -0.247443 -0.193671\n",
              "1450 -0.185894  1.062662  0.220857  ...  0.038255  0.056518 -0.012800\n",
              "1451 -1.182064 -0.038570  0.561561  ...  0.022267 -0.002573 -0.105316\n",
              "1452  1.550242  0.275031 -0.013737  ... -0.136589 -0.432798 -0.456076\n",
              "\n",
              "[1453 rows x 11 columns]"
            ],
            "text/html": [
              "\n",
              "  <div id=\"df-d2d5f6b6-d951-4578-a82f-284c9fbe0770\">\n",
              "    <div class=\"colab-df-container\">\n",
              "      <div>\n",
              "<style scoped>\n",
              "    .dataframe tbody tr th:only-of-type {\n",
              "        vertical-align: middle;\n",
              "    }\n",
              "\n",
              "    .dataframe tbody tr th {\n",
              "        vertical-align: top;\n",
              "    }\n",
              "\n",
              "    .dataframe thead th {\n",
              "        text-align: right;\n",
              "    }\n",
              "</style>\n",
              "<table border=\"1\" class=\"dataframe\">\n",
              "  <thead>\n",
              "    <tr style=\"text-align: right;\">\n",
              "      <th></th>\n",
              "      <th>pc1</th>\n",
              "      <th>pc2</th>\n",
              "      <th>pc3</th>\n",
              "      <th>pc4</th>\n",
              "      <th>pc5</th>\n",
              "      <th>pc6</th>\n",
              "      <th>pc7</th>\n",
              "      <th>pc8</th>\n",
              "      <th>pc9</th>\n",
              "      <th>pc10</th>\n",
              "      <th>pc11</th>\n",
              "    </tr>\n",
              "  </thead>\n",
              "  <tbody>\n",
              "    <tr>\n",
              "      <th>0</th>\n",
              "      <td>0.425367</td>\n",
              "      <td>-0.219079</td>\n",
              "      <td>0.663255</td>\n",
              "      <td>-0.401300</td>\n",
              "      <td>0.201705</td>\n",
              "      <td>-0.389767</td>\n",
              "      <td>-0.211982</td>\n",
              "      <td>0.163235</td>\n",
              "      <td>0.181007</td>\n",
              "      <td>0.515706</td>\n",
              "      <td>-0.567074</td>\n",
              "    </tr>\n",
              "    <tr>\n",
              "      <th>1</th>\n",
              "      <td>-0.218638</td>\n",
              "      <td>0.388190</td>\n",
              "      <td>-0.730827</td>\n",
              "      <td>-0.094724</td>\n",
              "      <td>0.044669</td>\n",
              "      <td>-0.086596</td>\n",
              "      <td>-0.095877</td>\n",
              "      <td>-0.034756</td>\n",
              "      <td>0.111476</td>\n",
              "      <td>0.493313</td>\n",
              "      <td>-0.500440</td>\n",
              "    </tr>\n",
              "    <tr>\n",
              "      <th>2</th>\n",
              "      <td>0.375415</td>\n",
              "      <td>0.730435</td>\n",
              "      <td>-0.122040</td>\n",
              "      <td>0.692262</td>\n",
              "      <td>0.839643</td>\n",
              "      <td>-0.687406</td>\n",
              "      <td>0.583112</td>\n",
              "      <td>0.364379</td>\n",
              "      <td>-0.322288</td>\n",
              "      <td>0.061759</td>\n",
              "      <td>0.242741</td>\n",
              "    </tr>\n",
              "    <tr>\n",
              "      <th>3</th>\n",
              "      <td>-0.172926</td>\n",
              "      <td>-0.352752</td>\n",
              "      <td>-0.843795</td>\n",
              "      <td>0.206998</td>\n",
              "      <td>-0.681415</td>\n",
              "      <td>-0.036133</td>\n",
              "      <td>-0.054284</td>\n",
              "      <td>-0.231477</td>\n",
              "      <td>-0.028003</td>\n",
              "      <td>-0.250678</td>\n",
              "      <td>-0.051034</td>\n",
              "    </tr>\n",
              "    <tr>\n",
              "      <th>4</th>\n",
              "      <td>0.187057</td>\n",
              "      <td>-0.807610</td>\n",
              "      <td>0.028537</td>\n",
              "      <td>0.548332</td>\n",
              "      <td>0.854074</td>\n",
              "      <td>-0.097305</td>\n",
              "      <td>-0.457043</td>\n",
              "      <td>0.171758</td>\n",
              "      <td>-0.074409</td>\n",
              "      <td>0.031897</td>\n",
              "      <td>0.082245</td>\n",
              "    </tr>\n",
              "    <tr>\n",
              "      <th>...</th>\n",
              "      <td>...</td>\n",
              "      <td>...</td>\n",
              "      <td>...</td>\n",
              "      <td>...</td>\n",
              "      <td>...</td>\n",
              "      <td>...</td>\n",
              "      <td>...</td>\n",
              "      <td>...</td>\n",
              "      <td>...</td>\n",
              "      <td>...</td>\n",
              "      <td>...</td>\n",
              "    </tr>\n",
              "    <tr>\n",
              "      <th>1448</th>\n",
              "      <td>1.550242</td>\n",
              "      <td>0.275031</td>\n",
              "      <td>-0.013737</td>\n",
              "      <td>0.200604</td>\n",
              "      <td>-0.145063</td>\n",
              "      <td>0.306575</td>\n",
              "      <td>-0.075308</td>\n",
              "      <td>0.345552</td>\n",
              "      <td>-0.136589</td>\n",
              "      <td>-0.432798</td>\n",
              "      <td>-0.456076</td>\n",
              "    </tr>\n",
              "    <tr>\n",
              "      <th>1449</th>\n",
              "      <td>-0.957339</td>\n",
              "      <td>0.014308</td>\n",
              "      <td>0.303843</td>\n",
              "      <td>0.444350</td>\n",
              "      <td>-0.133690</td>\n",
              "      <td>0.381804</td>\n",
              "      <td>-0.326432</td>\n",
              "      <td>0.878047</td>\n",
              "      <td>-0.304441</td>\n",
              "      <td>-0.247443</td>\n",
              "      <td>-0.193671</td>\n",
              "    </tr>\n",
              "    <tr>\n",
              "      <th>1450</th>\n",
              "      <td>-0.185894</td>\n",
              "      <td>1.062662</td>\n",
              "      <td>0.220857</td>\n",
              "      <td>-0.467643</td>\n",
              "      <td>-0.187757</td>\n",
              "      <td>-0.192703</td>\n",
              "      <td>-0.091597</td>\n",
              "      <td>-0.036576</td>\n",
              "      <td>0.038255</td>\n",
              "      <td>0.056518</td>\n",
              "      <td>-0.012800</td>\n",
              "    </tr>\n",
              "    <tr>\n",
              "      <th>1451</th>\n",
              "      <td>-1.182064</td>\n",
              "      <td>-0.038570</td>\n",
              "      <td>0.561561</td>\n",
              "      <td>0.701126</td>\n",
              "      <td>0.047645</td>\n",
              "      <td>0.193687</td>\n",
              "      <td>-0.027335</td>\n",
              "      <td>-0.339374</td>\n",
              "      <td>0.022267</td>\n",
              "      <td>-0.002573</td>\n",
              "      <td>-0.105316</td>\n",
              "    </tr>\n",
              "    <tr>\n",
              "      <th>1452</th>\n",
              "      <td>1.550242</td>\n",
              "      <td>0.275031</td>\n",
              "      <td>-0.013737</td>\n",
              "      <td>0.200604</td>\n",
              "      <td>-0.145063</td>\n",
              "      <td>0.306575</td>\n",
              "      <td>-0.075308</td>\n",
              "      <td>0.345552</td>\n",
              "      <td>-0.136589</td>\n",
              "      <td>-0.432798</td>\n",
              "      <td>-0.456076</td>\n",
              "    </tr>\n",
              "  </tbody>\n",
              "</table>\n",
              "<p>1453 rows × 11 columns</p>\n",
              "</div>\n",
              "      <button class=\"colab-df-convert\" onclick=\"convertToInteractive('df-d2d5f6b6-d951-4578-a82f-284c9fbe0770')\"\n",
              "              title=\"Convert this dataframe to an interactive table.\"\n",
              "              style=\"display:none;\">\n",
              "        \n",
              "  <svg xmlns=\"http://www.w3.org/2000/svg\" height=\"24px\"viewBox=\"0 0 24 24\"\n",
              "       width=\"24px\">\n",
              "    <path d=\"M0 0h24v24H0V0z\" fill=\"none\"/>\n",
              "    <path d=\"M18.56 5.44l.94 2.06.94-2.06 2.06-.94-2.06-.94-.94-2.06-.94 2.06-2.06.94zm-11 1L8.5 8.5l.94-2.06 2.06-.94-2.06-.94L8.5 2.5l-.94 2.06-2.06.94zm10 10l.94 2.06.94-2.06 2.06-.94-2.06-.94-.94-2.06-.94 2.06-2.06.94z\"/><path d=\"M17.41 7.96l-1.37-1.37c-.4-.4-.92-.59-1.43-.59-.52 0-1.04.2-1.43.59L10.3 9.45l-7.72 7.72c-.78.78-.78 2.05 0 2.83L4 21.41c.39.39.9.59 1.41.59.51 0 1.02-.2 1.41-.59l7.78-7.78 2.81-2.81c.8-.78.8-2.07 0-2.86zM5.41 20L4 18.59l7.72-7.72 1.47 1.35L5.41 20z\"/>\n",
              "  </svg>\n",
              "      </button>\n",
              "      \n",
              "  <style>\n",
              "    .colab-df-container {\n",
              "      display:flex;\n",
              "      flex-wrap:wrap;\n",
              "      gap: 12px;\n",
              "    }\n",
              "\n",
              "    .colab-df-convert {\n",
              "      background-color: #E8F0FE;\n",
              "      border: none;\n",
              "      border-radius: 50%;\n",
              "      cursor: pointer;\n",
              "      display: none;\n",
              "      fill: #1967D2;\n",
              "      height: 32px;\n",
              "      padding: 0 0 0 0;\n",
              "      width: 32px;\n",
              "    }\n",
              "\n",
              "    .colab-df-convert:hover {\n",
              "      background-color: #E2EBFA;\n",
              "      box-shadow: 0px 1px 2px rgba(60, 64, 67, 0.3), 0px 1px 3px 1px rgba(60, 64, 67, 0.15);\n",
              "      fill: #174EA6;\n",
              "    }\n",
              "\n",
              "    [theme=dark] .colab-df-convert {\n",
              "      background-color: #3B4455;\n",
              "      fill: #D2E3FC;\n",
              "    }\n",
              "\n",
              "    [theme=dark] .colab-df-convert:hover {\n",
              "      background-color: #434B5C;\n",
              "      box-shadow: 0px 1px 3px 1px rgba(0, 0, 0, 0.15);\n",
              "      filter: drop-shadow(0px 1px 2px rgba(0, 0, 0, 0.3));\n",
              "      fill: #FFFFFF;\n",
              "    }\n",
              "  </style>\n",
              "\n",
              "      <script>\n",
              "        const buttonEl =\n",
              "          document.querySelector('#df-d2d5f6b6-d951-4578-a82f-284c9fbe0770 button.colab-df-convert');\n",
              "        buttonEl.style.display =\n",
              "          google.colab.kernel.accessAllowed ? 'block' : 'none';\n",
              "\n",
              "        async function convertToInteractive(key) {\n",
              "          const element = document.querySelector('#df-d2d5f6b6-d951-4578-a82f-284c9fbe0770');\n",
              "          const dataTable =\n",
              "            await google.colab.kernel.invokeFunction('convertToInteractive',\n",
              "                                                     [key], {});\n",
              "          if (!dataTable) return;\n",
              "\n",
              "          const docLinkHtml = 'Like what you see? Visit the ' +\n",
              "            '<a target=\"_blank\" href=https://colab.research.google.com/notebooks/data_table.ipynb>data table notebook</a>'\n",
              "            + ' to learn more about interactive tables.';\n",
              "          element.innerHTML = '';\n",
              "          dataTable['output_type'] = 'display_data';\n",
              "          await google.colab.output.renderOutput(dataTable, element);\n",
              "          const docLink = document.createElement('div');\n",
              "          docLink.innerHTML = docLinkHtml;\n",
              "          element.appendChild(docLink);\n",
              "        }\n",
              "      </script>\n",
              "    </div>\n",
              "  </div>\n",
              "  "
            ]
          },
          "metadata": {},
          "execution_count": 5
        }
      ]
    },
    {
      "cell_type": "code",
      "source": [
        "pca.explained_variance_ratio_"
      ],
      "metadata": {
        "colab": {
          "base_uri": "https://localhost:8080/"
        },
        "id": "mib7UlGGNG4X",
        "outputId": "e986b1ba-c463-4fac-d241-2059163fba62"
      },
      "execution_count": 6,
      "outputs": [
        {
          "output_type": "execute_result",
          "data": {
            "text/plain": [
              "array([0.29944723, 0.19279721, 0.13304535, 0.08309578, 0.05948052,\n",
              "       0.05029956, 0.0438491 , 0.03954779, 0.0367609 , 0.03235329,\n",
              "       0.02932326])"
            ]
          },
          "metadata": {},
          "execution_count": 6
        }
      ]
    },
    {
      "cell_type": "code",
      "source": [
        "pca.components_"
      ],
      "metadata": {
        "colab": {
          "base_uri": "https://localhost:8080/"
        },
        "id": "satxCJdWQvYU",
        "outputId": "b71345e0-8001-45b1-d2b7-c0ac0197db77"
      },
      "execution_count": 7,
      "outputs": [
        {
          "output_type": "execute_result",
          "data": {
            "text/plain": [
              "array([[-0.47693349, -0.15533159, -0.00635636,  0.11623168,  0.3044427 ,\n",
              "        -0.10849325, -0.33718593, -0.47151394,  0.32904173, -0.21371062,\n",
              "         0.37475293],\n",
              "       [ 0.36378978,  0.016414  ,  0.01880869, -0.03409395, -0.06383884,\n",
              "        -0.0869722 , -0.61063276,  0.3073178 ,  0.60128596,  0.07659344,\n",
              "        -0.13965633],\n",
              "       [-0.30444402, -0.0625153 , -0.03701866, -0.32235949, -0.80237317,\n",
              "        -0.06464172, -0.14931026, -0.28726479,  0.02439661,  0.19205128,\n",
              "        -0.08857138],\n",
              "       [ 0.0551622 , -0.14242496,  0.19761927, -0.35413876,  0.2539601 ,\n",
              "        -0.09736269,  0.11895823, -0.00254696,  0.06781599,  0.76348804,\n",
              "         0.36953871],\n",
              "       [-0.30753507,  0.27760805,  0.07062017, -0.07340475,  0.36139895,\n",
              "         0.10793025, -0.12897259, -0.21089912, -0.00312457,  0.28784553,\n",
              "        -0.72920859],\n",
              "       [ 0.17073819, -0.34783006, -0.3550866 , -0.40651542,  0.20934711,\n",
              "        -0.59463206, -0.10324067, -0.07691443, -0.26134151, -0.17822612,\n",
              "        -0.21087805],\n",
              "       [-0.28051863, -0.05973793,  0.70763705, -0.38594277,  0.03616962,\n",
              "        -0.08684577, -0.04044934,  0.36045348, -0.06838452, -0.34961569,\n",
              "        -0.02679159],\n",
              "       [ 0.01304117, -0.11307868,  0.37593402,  0.58962241, -0.13824084,\n",
              "        -0.62779877,  0.14006047, -0.07279193,  0.02953939,  0.17630281,\n",
              "        -0.16718101],\n",
              "       [ 0.57240278, -0.01846534,  0.40027977, -0.16051227, -0.00284738,\n",
              "         0.16619659,  0.07606907, -0.63908592,  0.06699639, -0.1855722 ,\n",
              "        -0.07248255],\n",
              "       [-0.11028437, -0.66581756, -0.07563413, -0.00533813,  0.00870725,\n",
              "         0.23953197,  0.42808739,  0.0791838 ,  0.45439925, -0.03811713,\n",
              "        -0.28959188],\n",
              "       [ 0.04543901, -0.54161635,  0.14172992,  0.25090987,  0.00164229,\n",
              "         0.33926454, -0.48928285,  0.01955226, -0.49006853,  0.15760765,\n",
              "        -0.04066227]])"
            ]
          },
          "metadata": {},
          "execution_count": 7
        }
      ]
    },
    {
      "cell_type": "code",
      "source": [
        "loadings = pca.components_\n",
        "loadings_df = pd.DataFrame.from_dict(dict(zip(names, loadings)))\n",
        "loadings_df['variable'] = data.iloc[:,:11].columns.values\n",
        "loadings_df = loadings_df.set_index('variable')\n",
        "loadings_df\n"
      ],
      "metadata": {
        "colab": {
          "base_uri": "https://localhost:8080/",
          "height": 425
        },
        "id": "21L0IqNytnFz",
        "outputId": "3b600910-b980-4bc2-b1a0-b444cc0c97e9"
      },
      "execution_count": 8,
      "outputs": [
        {
          "output_type": "execute_result",
          "data": {
            "text/plain": [
              "                 pc1       pc2       pc3  ...       pc9      pc10      pc11\n",
              "variable                                  ...                              \n",
              "yummy      -0.476933  0.363790 -0.304444  ...  0.572403 -0.110284  0.045439\n",
              "convenient -0.155332  0.016414 -0.062515  ... -0.018465 -0.665818 -0.541616\n",
              "spicy      -0.006356  0.018809 -0.037019  ...  0.400280 -0.075634  0.141730\n",
              "fattening   0.116232 -0.034094 -0.322359  ... -0.160512 -0.005338  0.250910\n",
              "greasy      0.304443 -0.063839 -0.802373  ... -0.002847  0.008707  0.001642\n",
              "fast       -0.108493 -0.086972 -0.064642  ...  0.166197  0.239532  0.339265\n",
              "cheap      -0.337186 -0.610633 -0.149310  ...  0.076069  0.428087 -0.489283\n",
              "tasty      -0.471514  0.307318 -0.287265  ... -0.639086  0.079184  0.019552\n",
              "expensive   0.329042  0.601286  0.024397  ...  0.066996  0.454399 -0.490069\n",
              "healthy    -0.213711  0.076593  0.192051  ... -0.185572 -0.038117  0.157608\n",
              "disgusting  0.374753 -0.139656 -0.088571  ... -0.072483 -0.289592 -0.040662\n",
              "\n",
              "[11 rows x 11 columns]"
            ],
            "text/html": [
              "\n",
              "  <div id=\"df-15426e59-ed1a-4d12-84e7-c782a82355d4\">\n",
              "    <div class=\"colab-df-container\">\n",
              "      <div>\n",
              "<style scoped>\n",
              "    .dataframe tbody tr th:only-of-type {\n",
              "        vertical-align: middle;\n",
              "    }\n",
              "\n",
              "    .dataframe tbody tr th {\n",
              "        vertical-align: top;\n",
              "    }\n",
              "\n",
              "    .dataframe thead th {\n",
              "        text-align: right;\n",
              "    }\n",
              "</style>\n",
              "<table border=\"1\" class=\"dataframe\">\n",
              "  <thead>\n",
              "    <tr style=\"text-align: right;\">\n",
              "      <th></th>\n",
              "      <th>pc1</th>\n",
              "      <th>pc2</th>\n",
              "      <th>pc3</th>\n",
              "      <th>pc4</th>\n",
              "      <th>pc5</th>\n",
              "      <th>pc6</th>\n",
              "      <th>pc7</th>\n",
              "      <th>pc8</th>\n",
              "      <th>pc9</th>\n",
              "      <th>pc10</th>\n",
              "      <th>pc11</th>\n",
              "    </tr>\n",
              "    <tr>\n",
              "      <th>variable</th>\n",
              "      <th></th>\n",
              "      <th></th>\n",
              "      <th></th>\n",
              "      <th></th>\n",
              "      <th></th>\n",
              "      <th></th>\n",
              "      <th></th>\n",
              "      <th></th>\n",
              "      <th></th>\n",
              "      <th></th>\n",
              "      <th></th>\n",
              "    </tr>\n",
              "  </thead>\n",
              "  <tbody>\n",
              "    <tr>\n",
              "      <th>yummy</th>\n",
              "      <td>-0.476933</td>\n",
              "      <td>0.363790</td>\n",
              "      <td>-0.304444</td>\n",
              "      <td>0.055162</td>\n",
              "      <td>-0.307535</td>\n",
              "      <td>0.170738</td>\n",
              "      <td>-0.280519</td>\n",
              "      <td>0.013041</td>\n",
              "      <td>0.572403</td>\n",
              "      <td>-0.110284</td>\n",
              "      <td>0.045439</td>\n",
              "    </tr>\n",
              "    <tr>\n",
              "      <th>convenient</th>\n",
              "      <td>-0.155332</td>\n",
              "      <td>0.016414</td>\n",
              "      <td>-0.062515</td>\n",
              "      <td>-0.142425</td>\n",
              "      <td>0.277608</td>\n",
              "      <td>-0.347830</td>\n",
              "      <td>-0.059738</td>\n",
              "      <td>-0.113079</td>\n",
              "      <td>-0.018465</td>\n",
              "      <td>-0.665818</td>\n",
              "      <td>-0.541616</td>\n",
              "    </tr>\n",
              "    <tr>\n",
              "      <th>spicy</th>\n",
              "      <td>-0.006356</td>\n",
              "      <td>0.018809</td>\n",
              "      <td>-0.037019</td>\n",
              "      <td>0.197619</td>\n",
              "      <td>0.070620</td>\n",
              "      <td>-0.355087</td>\n",
              "      <td>0.707637</td>\n",
              "      <td>0.375934</td>\n",
              "      <td>0.400280</td>\n",
              "      <td>-0.075634</td>\n",
              "      <td>0.141730</td>\n",
              "    </tr>\n",
              "    <tr>\n",
              "      <th>fattening</th>\n",
              "      <td>0.116232</td>\n",
              "      <td>-0.034094</td>\n",
              "      <td>-0.322359</td>\n",
              "      <td>-0.354139</td>\n",
              "      <td>-0.073405</td>\n",
              "      <td>-0.406515</td>\n",
              "      <td>-0.385943</td>\n",
              "      <td>0.589622</td>\n",
              "      <td>-0.160512</td>\n",
              "      <td>-0.005338</td>\n",
              "      <td>0.250910</td>\n",
              "    </tr>\n",
              "    <tr>\n",
              "      <th>greasy</th>\n",
              "      <td>0.304443</td>\n",
              "      <td>-0.063839</td>\n",
              "      <td>-0.802373</td>\n",
              "      <td>0.253960</td>\n",
              "      <td>0.361399</td>\n",
              "      <td>0.209347</td>\n",
              "      <td>0.036170</td>\n",
              "      <td>-0.138241</td>\n",
              "      <td>-0.002847</td>\n",
              "      <td>0.008707</td>\n",
              "      <td>0.001642</td>\n",
              "    </tr>\n",
              "    <tr>\n",
              "      <th>fast</th>\n",
              "      <td>-0.108493</td>\n",
              "      <td>-0.086972</td>\n",
              "      <td>-0.064642</td>\n",
              "      <td>-0.097363</td>\n",
              "      <td>0.107930</td>\n",
              "      <td>-0.594632</td>\n",
              "      <td>-0.086846</td>\n",
              "      <td>-0.627799</td>\n",
              "      <td>0.166197</td>\n",
              "      <td>0.239532</td>\n",
              "      <td>0.339265</td>\n",
              "    </tr>\n",
              "    <tr>\n",
              "      <th>cheap</th>\n",
              "      <td>-0.337186</td>\n",
              "      <td>-0.610633</td>\n",
              "      <td>-0.149310</td>\n",
              "      <td>0.118958</td>\n",
              "      <td>-0.128973</td>\n",
              "      <td>-0.103241</td>\n",
              "      <td>-0.040449</td>\n",
              "      <td>0.140060</td>\n",
              "      <td>0.076069</td>\n",
              "      <td>0.428087</td>\n",
              "      <td>-0.489283</td>\n",
              "    </tr>\n",
              "    <tr>\n",
              "      <th>tasty</th>\n",
              "      <td>-0.471514</td>\n",
              "      <td>0.307318</td>\n",
              "      <td>-0.287265</td>\n",
              "      <td>-0.002547</td>\n",
              "      <td>-0.210899</td>\n",
              "      <td>-0.076914</td>\n",
              "      <td>0.360453</td>\n",
              "      <td>-0.072792</td>\n",
              "      <td>-0.639086</td>\n",
              "      <td>0.079184</td>\n",
              "      <td>0.019552</td>\n",
              "    </tr>\n",
              "    <tr>\n",
              "      <th>expensive</th>\n",
              "      <td>0.329042</td>\n",
              "      <td>0.601286</td>\n",
              "      <td>0.024397</td>\n",
              "      <td>0.067816</td>\n",
              "      <td>-0.003125</td>\n",
              "      <td>-0.261342</td>\n",
              "      <td>-0.068385</td>\n",
              "      <td>0.029539</td>\n",
              "      <td>0.066996</td>\n",
              "      <td>0.454399</td>\n",
              "      <td>-0.490069</td>\n",
              "    </tr>\n",
              "    <tr>\n",
              "      <th>healthy</th>\n",
              "      <td>-0.213711</td>\n",
              "      <td>0.076593</td>\n",
              "      <td>0.192051</td>\n",
              "      <td>0.763488</td>\n",
              "      <td>0.287846</td>\n",
              "      <td>-0.178226</td>\n",
              "      <td>-0.349616</td>\n",
              "      <td>0.176303</td>\n",
              "      <td>-0.185572</td>\n",
              "      <td>-0.038117</td>\n",
              "      <td>0.157608</td>\n",
              "    </tr>\n",
              "    <tr>\n",
              "      <th>disgusting</th>\n",
              "      <td>0.374753</td>\n",
              "      <td>-0.139656</td>\n",
              "      <td>-0.088571</td>\n",
              "      <td>0.369539</td>\n",
              "      <td>-0.729209</td>\n",
              "      <td>-0.210878</td>\n",
              "      <td>-0.026792</td>\n",
              "      <td>-0.167181</td>\n",
              "      <td>-0.072483</td>\n",
              "      <td>-0.289592</td>\n",
              "      <td>-0.040662</td>\n",
              "    </tr>\n",
              "  </tbody>\n",
              "</table>\n",
              "</div>\n",
              "      <button class=\"colab-df-convert\" onclick=\"convertToInteractive('df-15426e59-ed1a-4d12-84e7-c782a82355d4')\"\n",
              "              title=\"Convert this dataframe to an interactive table.\"\n",
              "              style=\"display:none;\">\n",
              "        \n",
              "  <svg xmlns=\"http://www.w3.org/2000/svg\" height=\"24px\"viewBox=\"0 0 24 24\"\n",
              "       width=\"24px\">\n",
              "    <path d=\"M0 0h24v24H0V0z\" fill=\"none\"/>\n",
              "    <path d=\"M18.56 5.44l.94 2.06.94-2.06 2.06-.94-2.06-.94-.94-2.06-.94 2.06-2.06.94zm-11 1L8.5 8.5l.94-2.06 2.06-.94-2.06-.94L8.5 2.5l-.94 2.06-2.06.94zm10 10l.94 2.06.94-2.06 2.06-.94-2.06-.94-.94-2.06-.94 2.06-2.06.94z\"/><path d=\"M17.41 7.96l-1.37-1.37c-.4-.4-.92-.59-1.43-.59-.52 0-1.04.2-1.43.59L10.3 9.45l-7.72 7.72c-.78.78-.78 2.05 0 2.83L4 21.41c.39.39.9.59 1.41.59.51 0 1.02-.2 1.41-.59l7.78-7.78 2.81-2.81c.8-.78.8-2.07 0-2.86zM5.41 20L4 18.59l7.72-7.72 1.47 1.35L5.41 20z\"/>\n",
              "  </svg>\n",
              "      </button>\n",
              "      \n",
              "  <style>\n",
              "    .colab-df-container {\n",
              "      display:flex;\n",
              "      flex-wrap:wrap;\n",
              "      gap: 12px;\n",
              "    }\n",
              "\n",
              "    .colab-df-convert {\n",
              "      background-color: #E8F0FE;\n",
              "      border: none;\n",
              "      border-radius: 50%;\n",
              "      cursor: pointer;\n",
              "      display: none;\n",
              "      fill: #1967D2;\n",
              "      height: 32px;\n",
              "      padding: 0 0 0 0;\n",
              "      width: 32px;\n",
              "    }\n",
              "\n",
              "    .colab-df-convert:hover {\n",
              "      background-color: #E2EBFA;\n",
              "      box-shadow: 0px 1px 2px rgba(60, 64, 67, 0.3), 0px 1px 3px 1px rgba(60, 64, 67, 0.15);\n",
              "      fill: #174EA6;\n",
              "    }\n",
              "\n",
              "    [theme=dark] .colab-df-convert {\n",
              "      background-color: #3B4455;\n",
              "      fill: #D2E3FC;\n",
              "    }\n",
              "\n",
              "    [theme=dark] .colab-df-convert:hover {\n",
              "      background-color: #434B5C;\n",
              "      box-shadow: 0px 1px 3px 1px rgba(0, 0, 0, 0.15);\n",
              "      filter: drop-shadow(0px 1px 2px rgba(0, 0, 0, 0.3));\n",
              "      fill: #FFFFFF;\n",
              "    }\n",
              "  </style>\n",
              "\n",
              "      <script>\n",
              "        const buttonEl =\n",
              "          document.querySelector('#df-15426e59-ed1a-4d12-84e7-c782a82355d4 button.colab-df-convert');\n",
              "        buttonEl.style.display =\n",
              "          google.colab.kernel.accessAllowed ? 'block' : 'none';\n",
              "\n",
              "        async function convertToInteractive(key) {\n",
              "          const element = document.querySelector('#df-15426e59-ed1a-4d12-84e7-c782a82355d4');\n",
              "          const dataTable =\n",
              "            await google.colab.kernel.invokeFunction('convertToInteractive',\n",
              "                                                     [key], {});\n",
              "          if (!dataTable) return;\n",
              "\n",
              "          const docLinkHtml = 'Like what you see? Visit the ' +\n",
              "            '<a target=\"_blank\" href=https://colab.research.google.com/notebooks/data_table.ipynb>data table notebook</a>'\n",
              "            + ' to learn more about interactive tables.';\n",
              "          element.innerHTML = '';\n",
              "          dataTable['output_type'] = 'display_data';\n",
              "          await google.colab.output.renderOutput(dataTable, element);\n",
              "          const docLink = document.createElement('div');\n",
              "          docLink.innerHTML = docLinkHtml;\n",
              "          element.appendChild(docLink);\n",
              "        }\n",
              "      </script>\n",
              "    </div>\n",
              "  </div>\n",
              "  "
            ]
          },
          "metadata": {},
          "execution_count": 8
        }
      ]
    },
    {
      "cell_type": "code",
      "source": [
        "import matplotlib.pyplot as plt\n",
        "import seaborn as sns\n",
        "plt.rcParams['figure.figsize'] = (10,10)\n",
        "ax = sns.heatmap(loadings_df, annot=True, cmap='Spectral')\n",
        "plt.show()"
      ],
      "metadata": {
        "colab": {
          "base_uri": "https://localhost:8080/",
          "height": 592
        },
        "id": "cWTLr7TWwf2y",
        "outputId": "25703585-ac50-4ed4-e640-125d2eb8e8c7"
      },
      "execution_count": 9,
      "outputs": [
        {
          "output_type": "display_data",
          "data": {
            "text/plain": [
              "<Figure size 720x720 with 2 Axes>"
            ],
